25
45
49
52
76
107
150
178
180
189
222
228
285
302
315
336
358
384
411
415
444
472
566
576
642
649
673
674
702
718
744
791
807
851
868
911
927
930
971
1001
1078
1082
1126
1135
1138
1167
1199
1220
1224
1236
1267
1319
1332
1359
1362
1377
1387
1406
1434
1454
1480
1508
1522
1546
1547
1601
1608
1665
1672
1674
1704
1722
1724
1730
1734
1736
1737
1775
1791
1865
1886
1893
1894
1922
1927
1948
2016
2027
2051
2063
2090
2114
2123
2129
2144
2151
2181
2185
2207
2219
2222
2308
2333
2341
2395
2397
2430
2435
2440
2442
2464
2478
2513
2516
2535
2536
2549
2554
2662
2693
2706
2766
2768
2773
2777
2808
2827
2923
2962
2976
2988
2998
3010
3042
3053
3099
3107
3110
3135
3136
3164
3196
3201
3216
3222
3236
3241
3242
3257
3308
3317
3321
3343
3348
3352
3382
3399
3431
3585
3601
3616
3649
3666
3691
3693
3701
3709
3724
3766
3803
3861
3869
3896
3936
3950
4000
4020
4024
4029
4098
4102
4105
4118
4124
4137
4176
4252
4258
4269
4274
4304
4309
4342
4362
4376
4385
4428
4494
4521
4556
4600
4633
4659
4697
4780
4817
4821
4877
4882
4884
4907
4908
4913
4920
4930
4965
4982
4998
5002
5014
5082
5085
5106
5120
5121
5168
5176
5200
5219
5225
5257
5264
5304
5331
5343
5349
5378
5436
5439
5468
5515
5525
5598
5599
5632
5634
5689
5707
5715
5745
5752
5777
5802
5830
5885
5894
5911
5921
5949
5960
5964
6022
6056
6076
6204
6213
6227
6268
6288
6346
6400
6403
6439
6477
6498
6501
6531
6534
6537
6557
6561
6625
6650
6673
6732
6747
6759
6781
6794
6806
6833
6838
6868
6883
6885
6891
6912
6957
6986
6992
7013
7032
7036
7052
7056
7070
7105
7157
7170
7196
7236
7263
7379
7390
7395
7438
7457
7490
7524
7540
7543
7555
7568
7570
7589
7590
7601
7609
7620
7633
7640
7653
7671
7682
7696
7725
7729
7767
7792
7812
7934
7940
8012
8037
8080
8090
8125
8135
8148
8164
8166
8172
8175
8178
8199
8235
8277
8284
8292
8306
8320
8332
8341
8414
8415
8446
8449
8450
8469
8489
8490
8502
8537
8557
8571
8576
8577
8597
8614
8626
8670
8675
8747
8759
8772
8785
8802
8811
8814
8867
8882
8924
9084
9087
9094
9104
9123
9126
9139
9216
9259
9261
9271
9322
9359
9394
9396
9402
9411
9433
9445
9454
9527
9583
9600
9610
9620
9627
9638
9668
9696
9701
9705
9711
9755
9778
9795
9797
9799
9803
9822
9859
9863
9890
9893
9896
9898
9919
9927
9932
9952
10029
10041
10096
10152
10167
10202
10234
10261
10274
10290
10311
10330
10335
10341
10352
10368
10419
10421
10441
10450
10454
10459
10461
10471
10502
10507
10547
10553
10554
10573
10596
10601
10646
10653
10657
10669
10694
10715
10753
10754
10767
10781
10788
10796
10799
10908
10951
10965
10966
10986
11009
11028
11059
11071
11072
11080
11090
11104
11120
11146
11155
11188
11193
11222
11224
11303
11311
11346
11356
11368
11388
11391
11399
11413
11442
11454
11476
11484
11495
11496
11509
11510
11543
11545
11558
11577
11594
11597
11613
11623
11636
11697
11714
11765
11828
11861
11873
11877
11888
11906
11918
11926
11931
11932
11951
11985
12001
12007
12013
12030
12040
12044
12052
12054
12057
12096
12115
12174
12190
12206
12291
12316
12352
12405
12461
12507
12518
12532
12573
12622
12645
12691
12718
12733
12737
12756
12761
12762
12771
12824
12833
12854
12857
12868
12922
12923
12927
13011
13012
13016
13045
13051
13097
13129
13145
13165
13182
13200
13227
13244
13249
13254
13259
13262
13266
13275
13298
13308
13317
13332
13411
13451
13463
13469
13487
13511
13517
13530
13532
13576
13646
13654
13655
13658
13662
13679
13728
13737
13752
13761
13769
13792
13808
13835
13855
13865
13911
13912
13916
13928
13952
13961
14040
14054
14072
14077
14104
14111
14164
14173
14190
14195
14201
14210
14227
14228
14242
14245
14258
14277
14289
14294
14297
14300
14305
14333
14361
14369
14426
14427
14435
14469
14504
14527
14534
14559
14585
14612
14657
14660
14661
14664
14686
14691
14693
14695
14711
14712
14725
14726
14735
14797
14798
14839
14884
14911
14912
14914
14986
15037
15064
15106
15107
15136
15180
15185
15208
15253
15284
15332
15339
15360
15371
15374
15397
15402
15434
15510
15537
15542
15561
15613
15634
15638
15670
15698
15702
15706
15724
15739
15743
15745
15758
15790
15796
15847
15852
15873
15890
15913
15946
15980
15986
15987
16101
16102
16118
16159
16167
16190
16220
16256
16262
16286
16323
16327
16328
16355
16361
16401
16465
16479
16502
16514
16542
16544
16572
16574
16578
16586
16602
16604
16605
16612
16654
16662
16668
16715
16723
16735
16744
16767
16785
16799
16838
16890
16901
16964
17020
17024
17115
17130
17136
17164
17171
17202
17204
17219
17236
17279
17318
17332
17338
17351
17358
17367
17398
17459
17480
17492
17566
17567
17599
17610
17625
17635
17640
17659
17669
17704
17709
17711
17739
17742
17772
17778
17783
17814
17816
17818
17873
17886
17901
17915
17934
17937
17948
17963
17986
17988
18034
18047
18056
18069
18077
18093
18130
18144
18193
18199
18234
18242
18248
18300
18301
18344
18377
18452
18459
18466
18534
18540
18568
18575
18576
18580
18593
18611
18616
18660
18669
18676
18703
18714
18718
18720
18782
18808
18884
18895
18906
18976
19014
19017
19029
19080
19092
19106
19116
19130
19135
19145
19152
19175
19202
19205
19266
19270
19276
19323
19334
19363
19390
19398
19413
19421
19442
19449
19452
19486
19490
19522
19579
19616
19617
19626
19658
19662
19672
19674
19678
19725
19740
19745
19754
19762
19766
19797
19849
19923
19928
19931
20023
20028
20045
20059
20097
20115
20140
20142
20149
20156
20165
20169
20172
20204
20209
20229
20238
20312
20378
20397
20405
20412
20418
20420
20431
20432
20469
20475
20509
20544
20555
20560
20573
20576
20591
20606
20617
20646
20657
20665
20673
20691
20698
20702
20715
20716
20718
20728
20739
20765
20769
20816
20835
20917
20961
20982
20989
20990
20997
21001
21017
21031
21038
21055
21088
21092
21123
21134
21161
21179
21185
21223
21251
21283
21293
21366
21387
21393
21462
21472
21480
21489
21492
21506
21557
21561
21587
21607
21608
21630
21639
21657
21672
21676
21782
21824
21913
21915
21973
21988
22002
22007
22031
22086
22102
22107
22125
22126
22195
22204
22209
22218
22229
22247
22257
22267
22271
22278
22284
22303
22316
22330
22363
22378
22443
22444
22454
22465
22468
22476
22479
22496
22507
22565
22576
22601
22646
22669
22677
22719
22725
22738
22754
22766
22791
22803
22814
22827
22885
22888
22906
22944
22964
22972
22983
22991
22996
23014
23015
23074
23075
23080
23085
23103
23106
23186
23187
23259
23325
23332
23347
23368
23381
23407
23410
23418
23452
23457
23477
23487
23494
23501
23606
23615
23628
23637
23641
23645
23652
23659
23661
23671
23673
23674
23693
23696
23704
23709
23733
23739
23768
23785
23798
23828
23832
23840
23879
23891
23906
23908
23911
23915
23919
23941
23961
23992
24032
24043
24054
24093
24102
24103
24107
24112
24196
24239
24244
24262
24276
24313
24358
24366
24367
24382
24387
24394
24397
24405
24407
24413
24417
24430
24435
24440
24449
24469
24481
24492
24499
24511
24531
24562
24632
24717
24722
24727
24775
24832
24834
24904
24927
24952
24963
24968
24977
24999
25000
25005
25049
25055
25083
25123
25144
25155
25196
25234
25245
25249
25254
25298
25314
25345
25351
25354
25379
25410
25425
25460
25471
25479
25497
25505
25520
25524
25543
25587
25592
25600
25608
25612
25616
25619
25667
25690
25707
25744
25748
25757
25763
25800
25807
25850
25870
25888
25946
25958
25975
25980
26000
26014
26046
26103
26111
26139
26165
26181
26206
26210
26227
26230
26250
26267
26268
26288
26310
26319
26337
26348
26353
26358
26411
26450
26472
26475
26477
26485
26514
26536
26545
26553
26589
26666
26674
26713
26715
26794
26800
26811
26821
26838
26848
26849
26851
26865
26869
26893
26894
26896
26908
26925
26947
26950
26976
26984
27004
27028
27054
27060
27077
27078
27133
27147
27155
27159
27175
27188
27239
27244
27245
27250
27290
27292
27374
27407
27421
27454
27503
27571
27660
27667
27692
27698
27752
27769
27773
27806
27823
27836
27853
27857
27872
27875
27895
27910
27911
27932
27941
27942
27959
27968
27989
27990
28001
28040
28043
28045
28054
28059
28064
28129
28135
28153
28180
28251
28264
28284
28302
28321
28322
28337
28338
28339
28342
28369
28403
28418
28425
28462
28507
28530
28545
28567
28588
28634
28645
28653
28657
28669
28670
28671
28674
28733
28744
28757
28809
28817
28871
28919
28930
28949
28958
29053
29058
29061
29070
29078
29090
29127
29147
29171
29185
29243
29288
29326
29328
29343
29367
29415
29421
29443
29458
29489
29497
29500
29530
29539
29556
29582
29593
29604
29606
29613
29638
29666
29668
29678
29712
29721
29740
29744
29769
29793
29837
29841
29842
29856
29873
29876
29888
29891
29892
29908
29928
29932
29939
29946
29970
29987
29993
30006
30008
30025
30030
30048
30074
30088
30117
30169
30192
30193
30235
30237
30253
30259
30280
30316
30336
30354
30366
30383
30389
30406
30408
30416
30426
30427
30441
30472
30480
30557
30586
30630
30631
30639
30650
30658
30674
30754
30763
30773
30780
30794
30804
30807
30817
30842
30864
30871
30876
30889
30897
30914
30948
30983
30988
30992
31014
31020
31035
31052
31068
31090
31099
31119
31146
31175
31218
31231
31253
31288
31289
31301
31312
31341
31349
31366
31410
31426
31428
31435
31452
31454
31532
31554
31599
31613
31616
31626
31630
31651
31653
31668
31721
31734
31773
31782
31814
31815
31832
31839
31848
31927
31942
31949
31972
31980
31988
31996
32019
32024
32032
32043
32055
32119
32120
32149
32168
32182
32285
32287
32302
32306
32387
32399
32400
32406
32416
32452
32473
32549
32553
32569
32599
32631
32670
32684
32723
32779
32813
32854
32859
32912
32968
32985
33011
33079
33081
33089
33091
33095
33104
33139
33155
33183
33229
33246
33263
33265
33275
33348
33368
33384
33396
33410
33438
33457
33501
33521
33525
33540
33607
33611
33619
33643
33655
33658
33729
33742
33762
33799
33804
33826
33866
33901
33923
34004
34019
34020
34055
34077
34097
34099
34104
34109
34131
34136
34165
34178
34208
34220
34235
34251
34265
34267
34280
34294
34309
34345
34354
34378
34395
34402
34414
34417
34449
34484
34491
34544
34550
34552
34581
34582
34589
34592
34599
34611
34645
34649
34653
34659
34666
34685
34686
34723
34736
34738
34745
34780
34785
34787
34790
34792
34863
34904
34919
34955
34963
34973
34999
35000
35015
35073
35097
35111
35114
35151
35152
35180
35201
35204
35208
35229
35251
35256
35271
35287
35295
35318
35320
35351
35356
35412
35420
35456
35470
35502
35518
35520
35544
35560
35564
35573
35581
35588
35593
35629
35676
35681
35685
35731
35752
35758
35765
35770
35784
35785
35792
35816
35856
35895
35901
35924
35948
35957
35970
35972
35976
35983
35986
36001
36010
36037
36043
36049
36062
36071
36096
36142
36194
36198
36205
36224
36263
36274
36280
36281
36283
36328
36340
36384
36397
36406
36417
36430
36442
36457
36485
36500
36549
36580
36587
36604
36642
36643
36646
36656
36682
36686
36688
36690
36701
36704
36736
36748
36778
36798
36818
36848
36861
36869
36899
36931
37025
37054
37057
37061
37075
37109
37118
37134
37140
37171
37192
37248
37252
37270
37287
37288
37319
37323
37344
37412
37429
37449
37453
37510
37518
37546
37553
37555
37564
37583
37638
37655
37662
37675
37676
37711
37716
37748
37769
37790
37799
37819
37822
37841
37908
37918
37930
37972
37988
37996
38030
38051
38097
38110
38112
38148
38157
38161
38226
38233
38253
38256
38259
38286
38297
38309
38326
38337
38386
38390
38398
38464
38500
38558
38627
38628
38634
38653
38681
38685
38713
38717
38722
38731
38739
38766
38783
38784
38786
38801
38812
38822
38850
38865
38883
38885
38887
38954
38961
38963
38964
38969
39022
39033
39044
39048
39052
39057
39074
39098
39112
39117
39126
39140
39144
39196
39204
39207
39212
39228
39283
39304
39312
39344
39346
39385
39420
39446
39453
39471
39501
39517
39526
39540
39548
39573
39592
39618
39620
39654
39682
39697
39743
39770
39775
39835
39874
39886
39947
39950
39954
40014
40025
40039
40043
40057
40066
40067
40074
40106
40113
40142
40157
40160
40223
40236
40263
40293
40306
40312
40349
40363
40377
40391
40405
40406
40408
40410
40422
40429
40437
40441
40443
40465
40508
40516
40558
40562
40575
40580
40582
40618
40631
40639
40665
40705
40732
40734
40740
40750
40759
40785
40821
40893
40894
40909
40923
40976
40980
41035
41102
41138
41158
41172
41184
41238
41251
41264
41265
41271
41274
41287
41289
41290
41318
41340
41353
41355
41373
41404
41413
41415
41431
41432
41440
41461
41466
41518
41533
41580
41615
41674
41675
41687
41723
41733
41740
41771
41775
41779
41785
41845
41854
41865
41869
41881
41917
41939
41940
41979
42003
42025
42034
42041
42090
42097
42137
42151
42160
42181
42187
42189
42194
42240
42270
42272
42294
42350
42358
42414
42416
42459
42468
42483
42500
42533
42586
42597
42599
42624
42639
42640
42690
42706
42714
42738
42801
42811
42820
42835
42865
42875
42931
42936
42937
42948
42991
43023
43030
43033
43085
43090
43133
43135
43159
43164
43193
43224
43250
43254
43256
43266
43288
43360
43392
43396
43413
43475
43496
43508
43512
43598
43605
43606
43612
43644
43681
43685
43721
43729
43743
43747
43755
43769
43784
43814
43822
43833
43845
43853
43862
43873
43882
43912
43929
43936
43968
43985
44011
44038
44054
44075
44095
44102
44118
44140
44199
44207
44208
44230
44239
44299
44324
44370
44372
44429
44434
44456
44484
44507
44530
44548
44561
44593
44597
44649
44699
44714
44724
44746
44775
44783
44797
44863
44880
44899
44928
45020
45030
45056
45142
45144
45155
45228
45236
45261
45291
45301
45320
45326
45374
45399
45404
45413
45459
45469
45477
45482
45522
45538
45545
45560
45565
45574
45579
45621
45637
45667
45678
45732
45744
45755
45757
45774
45798
45823
45848
45879
45885
45893
45894
45899
45911
45916
45926
45946
45947
45968
45970
45980
46005
46022
46041
46043
46045
46058
46078
46082
46108
46134
46164
46174
46183
46223
46297
46300
46354
46366
46410
46414
46420
46438
46453
46510
46511
46512
46521
46553
46567
46586
46613
46644
46660
46665
46678
46727
46778
46786
46789
46811
46830
46833
46851
46875
46889
46892
46898
46914
46920
46949
46962
46994
47002
47015
47017
47019
47022
47033
47040
47126
47133
47138
47157
47162
47165
47167
47182
47187
47196
47201
47255
47280
47283
47290
47295
47306
47336
47344
47358
47369
47399
47408
47409
47484
47517
47542
47555
47577
47607
47640
47669
47680
47682
47701
47732
47784
47817
47916
47939
47985
47991
48010
48038
48065
48101
48167
48201
48203
48205
48212
48229
48233
48248
48270
48304
48330
48353
48365
48431
48436
48440
48455
48466
48483
48530
48536
48637
48691
48695
48705
48713
48743
48761
48772
48811
48841
48853
48861
48869
48901
48912
48924
48974
48997
49011
49015
49047
49061
49104
49121
49124
49164
49174
49228
49266
49267
49284
49326
49343
49345
49346
49376
49378
49393
49395
49410
49433
49453
49455
49489
49525
49551
49562
49641
49666
49667
49749
49758
49764
49769
49774
49781
49786
49804
49814
49829
49842
49852
49863
49915
49934
49936
49951
49959
49960
49968
50013
50071
50085
50097
50212
50214
50225
50232
50290
50307
50310
50314
50334
50383
50401
50408
50466
50475
50485
50522
50532
50545
50585
50615
50619
50626
50628
50637
50662
50725
50740
50783
50808
50831
50861
50887
50897
50942
50971
50974
50994
50999
51028
51052
51099
51152
51158
51229
51262
51293
51306
51360
51397
51407
51431
51460
51473
51494
51504
51652
51662
51714
51728
51752
51840
51858
51933
51940
51944
51975
51991
52075
52079
52095
52102
52125
52134
52144
52156
52182
52190
52196
52201
52214
52224
52235
52262
52276
52287
52290
52317
52342
52344
52347
52350
52364
52377
52396
52404
52418
52436
52449
52476
52498
52507
52511
52575
52599
52605
52612
52620
52638
52653
52662
52686
52731
52741
52813
52846
52868
52877
52890
52932
52936
52951
52971
52974
52979
52995
53009
53035
53037
53045
53122
53140
53155
53172
53177
53239
53247
53249
53254
53268
53304
53362
53372
53398
53408
53426
53449
53478
53484
53545
53546
53589
53612
53625
53665
53781
53789
53791
53794
53845
53850
53857
53870
53884
53892
53913
53946
53978
54024
54044
54154
54161
54165
54194
54201
54205
54206
54221
54225
54230
54249
54252
54303
54306
54337
54351
54354
54431
54446
54470
54471
54555
54585
54589
54595
54644
54720
54760
54791
54802
54889
54922
54943
54959
54968
54975
54982
54997
55009
55010
55019
55065
55071
55099
55152
55190
55201
55216
55235
55248
55256
55263
55275
55308
55319
55363
55370
55374
55409
55415
55422
55448
55486
55491
55506
55522
55525
55536
55542
55546
55603
55606
55632
55664
55679
55739
55769
55774
55825
55852
55878
55883
55898
55930
55948
56021
56033
56080
56087
56096
56103
56120
56128
56150
56161
56171
56183
56219
56249
56287
56308
56315
56367
56368
56396
56399
56444
56484
56510
56511
56516
56533
56544
56556
56597
56611
56660
56667
56724
56740
56779
56840
56853
56885
56890
56935
56950
56956
56976
57000
57046
57069
57092
57103
57115
57122
57139
57150
57203
57249
57256
57265
57290
57296
57315
57337
57360
57363
57368
57411
57415
57444
57482
57494
57505
57518
57519
57521
57571
57634
57637
57662
57729
57768
57772
57788
57808
57811
57813
57822
57827
57846
57862
57879
57881
57895
57907
57943
57946
57964
57986
58006
58026
58031
58072
58078
58084
58091
58130
58136
58167
58197
58206
58219
58221
58234
58263
58272
58290
58292
58303
58310
58342
58377
58382
58432
58437
58439
58507
58514
58521
58539
58545
58660
58667
58717
58779
58784
58785
58801
58805
58848
58856
58857
58862
58889
58904
58933
58942
58948
59012
59073
59098
59106
59127
59136
59144
59159
59163
59177
59205
59208
59212
59215
59287
59295
59309
59315
59317
59323
59387
59396
59433
59450
59541
59619
59634
59635
59642
59650
59652
59663
59676
59712
59743
59758
59806
59826
59875
59879
59899
59918
59955
60012
60016
60018
60044
60086
60125
60159
60206
60216
60232
60234
60245
60257
60275
60291
60299
60310
60323
60324
60325
60384
60435
60509
60533
60560
60598
60600
60612
60624
60669
60680
60681
60732
60738
60752
60780
60856
60866
60867
60876
60904
60952
60981
60991
60995
61007
61018
61025
61030
61037
61046
61076
61079
61080
61191
61208
61227
61240
61253
61296
61343
61347
61380
61385
61431
61472
61475
61482
61505
61507
61544
61552
61563
61568
61570
61604
61658
61668
61683
61725
61732
61741
61772
61773
61808
61815
61850
61858
61865
61877
61896
61901
61907
61918
61920
61937
61946
61966
61967
62011
62059
62060
62063
62069
62103
62114
62160
62165
62183
62268
62272
62280
62285
62296
62297
62359
62366
62373
62377
62390
62392
62411
62435
62506
62517
62518
62534
62541
62542
62557
62558
62571
62597
62602
62622
62669
62697
62717
62719
62720
62727
62731
62740
62742
62771
62800
62830
62880
62936
62994
63000
63006
63010
63013
63039
63049
63063
63090
63104
63106
63133
63144
63149
63169
63199
63210
63217
63271
63371
63386
63393
63423
63445
63454
63491
63522
63551
63559
63592
63595
63618
63634
63662
63664
63701
63714
63725
63756
63773
63781
63784
63851
63870
63877
63883
63893
63918
63928
63941
63960
64015
64024
64038
64089
64108
64151
64156
64160
64176
64180
64185
64194
64197
64259
64286
64356
64380
64415
64417
64432
64529
64534
64544
64552
64579
64606
64624
64643
64652
64659
64693
64793
64813
64824
64853
64854
64872
64884
64889
64895
64911
64945
64956
64968
64975
64987
64991
65025
65056
65062
65070
65073
65075
65080
65081
65083
65096
65163
65184
65202
65212
65228
65264
65313
65326
65403
65413
65416
65433
65435
65452
65457
65486
65498
65499
65509
65537
65557
65558
65562
65574
65633
65639
65684
65693
65695
65701
65708
65717
65719
65792
65830
65868
65888
65899
65904
65907
65952
65968
65982
66010
66034
66037
66060
66074
66132
66163
66165
66170
66186
66239
66254
66255
66318
66326
66352
66405
66411
66489
66493
66495
66527
66579
66608
66661
66665
66695
66705
66721
66774
66818
66846
66851
66878
66890
66933
66937
66967
66983
66987
67054
67081
67089
67093
67101
67169
67173
67226
67264
67282
67360
67364
67441
67457
67460
67550
67553
67559
67583
67586
67604
67610
67647
67696
67702
67726
67738
67804
67805
67806
67807
67827
67849
67895
67946
67961
68008
68037
68069
68079
68097
68107
68160
68199
68202
68217
68234
68264
68265
68274
68305
68320
68336
68359
68361
68364
68412
68418
68448
68454
68459
68476
68486
68499
68565
68567
68581
68594
68624
68625
68630
68671
68725
68731
68775
68801
68828
68846
68860
68877
68896
68905
68931
68939
68943
68968
69001
69006
69022
69027
69036
69046
69047
69049
69143
69202
69239
69242
69269
69300
69301
69310
69327
69329
69330
69343
69352
69376
69378
69381
69437
69466
69470
69471
69475
69484
69509
69521
69522
69524
69538
69565
69575
69591
69608
69630
69634
69682
69784
69798
69845
69863
69869
69893
69920
69942
69947
69957
69976
69987
69991
70008
70016
70038
70078
70083
70087
70110
70117
70187
70226
70238
70248
70336
70359
70362
70376
70381
70396
70402
70408
70443
70455
70471
70496
70537
70539
70568
70583
70601
70624
70627
70651
70699
70718
70724
70742
70766
70773
70801
70865
70894
71020
71028
71055
71066
71076
71107
71109
71115
71123
71162
71172
71204
71229
71260
71268
71292
71299
71331
71339
71368
71395
71412
71442
71458
71475
71479
71490
71511
71523
71549
71559
71610
71623
71637
71652
71661
71677
71686
71696
71704
71722
71733
71775
71800
71822
71833
71838
71910
71938
71946
71954
71971
71974
71985
72005
72020
72022
72052
72085
72094
72098
72130
72147
72175
72189
72199
72237
72260
72320
72321
72336
72337
72341
72342
72378
72405
72417
72423
72453
72464
72479
72483
72485
72523
72530
72531
72584
72606
72652
72671
72686
72690
72696
72699
72713
72737
72807
72817
72837
72843
72857
72870
72906
72918
72927
72936
72944
72967
73002
73012
73019
73025
73035
73057
73110
73120
73140
73168
73171
73183
73249
73304
73311
73328
73333
73342
73355
73363
73452
73471
73480
73492
73499
73521
73559
73562
73613
73645
73656
73663
73685
73756
73772
73799
73800
73827
73861
73865
73872
73888
73955
73980
73993
74006
74103
74110
74113
74142
74145
74159
74168
74175
74179
74187
74203
74221
74252
74257
74265
74306
74343
74348
74379
74393
74453
74462
74480
74488
74495
74523
74538
74549
74550
74564
74576
74579
74597
74609
74620
74627
74691
74693
74695
74708
74728
74730
74747
74776
74777
74820
74863
74902
74908
74951
74955
74975
74998
75003
75025
75097
75102
75111
75122
75135
75154
75174
75188
75204
75213
75248
75256
75260
75285
75300
75312
75329
75335
75401
75403
75415
75416
75443
75488
75506
75525
75536
75555
75569
75596
75621
75656
75658
75664
75674
75703
75706
75717
75761
75815
75829
75847
75862
75877
75882
75883
75895
75916
75936
75965
75977
75979
75985
76011
76073
76078
76117
76141
76150
76171
76174
76177
76193
76239
76284
76331
76352
76356
76371
76378
76402
76416
76420
76440
76458
76462
76482
76497
76507
76510
76542
76570
76582
76616
76676
76713
76765
76788
76853
76855
76905
76925
76940
76956
76959
77010
77014
77084
77116
77117
77119
77133
77137
77181
77206
77215
77220
77233
77258
77306
77309
77327
77339
77343
77361
77362
77370
77375
77383
77393
77425
77432
77446
77475
77479
77491
77501
77505
77509
77540
77541
77562
77601
77660
77709
77750
77781
77941
77950
77962
77968
77971
77974
78018
78043
78114
78134
78172
78213
78215
78222
78235
78236
78244
78250
78263
78265
78280
78327
78333
78340
78343
78348
78359
78422
78443
78448
78454
78459
78472
78481
78504
78518
78542
78574
78579
78589
78614
78620
78632
78637
78643
78653
78688
78695
78713
78716
78718
78723
78728
78731
78747
78758
78770
78775
78837
78877
78893
78925
78936
78940
78945
78946
78958
78998
79002
79016
79053
79059
79071
79075
79076
79106
79126
79128
79133
79154
79166
79193
79199
79200
79206
79218
79238
79251
79254
79301
79304
79333
79365
79383
79384
79385
79386
79442
79445
79479
79491
79521
79580
79649
79659
79667
79669
79670
79711
79714
79716
79725
79749
79788
79836
79838
79849
79865
79872
79873
79898
79907
79912
79931
79935
79985
80004
80054
80075
80078
80088
80098
80131
80247
80271
80346
80347
80380
80388
80428
80432
80501
80567
80591
80613
80639
80656
80670
80681
80706
80750
80757
80762
80763
80785
80786
80809
80811
80815
80822
80833
80851
80852
80883
80968
80985
80999
81003
81017
81073
81078
81079
81100
81126
81139
81156
81176
81241
81285
81292
81310
81326
81337
81359
81368
81372
81375
81407
81448
81462
81514
81522
81537
81560
81626
81678
81694
81715
81761
81778
81791
81814
81816
81818
81827
81890
81905
81907
81910
81915
81920
81927
81933
81942
81961
81975
81977
82025
82031
82054
82067
82100
82108
82122
82144
82158
82159
82160
82178
82210
82229
82233
82241
82249
82280
82289
82290
82292
82322
82362
82376
82387
82415
82441
82445
82446
82449
82460
82466
82491
82551
82578
82616
82685
82695
82708
82718
82720
82732
82747
82756
82767
82812
82854
82874
82884
82893
82925
82935
82939
82944
82962
82966
82973
82995
83002
83011
83016
83032
83068
83085
83107
83111
83148
83174
83178
83183
83230
83257
83299
83306
83325
83363
83377
83396
83409
83419
83489
83501
83534
83542
83543
83550
83555
83592
83599
83601
83655
83661
83664
83707
83729
83760
83778
83779
83803
83810
83821
83870
83944
83948
83969
84008
84013
84053
84055
84061
84069
84080
84114
84117
84132
84164
84193
84204
84287
84303
84307
84310
84353
84359
84370
84417
84436
84440
84467
84476
84491
84495
84511
84521
84568
84569
84570
84576
84584
84626
84638
84690
84718
84728
84737
84745
84779
84781
84791
84794
84814
84827
84831
84844
84851
84875
84915
84954
84955
84976
84997
85009
85033
85036
85048
85070
85107
85117
85135
85137
85170
85175
85201
85210
85221
85233
85246
85250
85296
85312
85377
85425
85430
85452
85455
85490
85493
85494
85507
85525
85540
85556
85558
85648
85656
85661
85677
85681
85710
85797
85799
85800
85810
85814
85829
85836
85874
85930
85963
85965
85975
85985
86014
86015
86016
86052
86074
86109
86130
86132
86156
86157
86301
86321
86358
86388
86410
86415
86427
86457
86464
86473
86560
86567
86573
86577
86585
86594
86620
86643
86656
86666
86687
86715
86731
86739
86743
86767
86788
86795
86799
86809
86814
86833
86841
86844
86853
86900
86905
86914
86918
86927
86958
86959
86961
86963
87000
87002
87013
87025
87031
87081
87089
87119
87148
87168
87197
87204
87222
87258
87270
87285
87305
87312
87369
87370
87375
87389
87410
87428
87440
87444
87502
87634
87659
87727
87729
87750
87800
87810
87822
87823
87830
87847
87868
87869
87895
87928
87951
87985
88001
88015
88041
88049
88052
88072
88115
88125
88155
88179
88185
88228
88237
88281
88301
88372
88433
88445
88450
88474
88477
88491
88499
88505
88531
88541
88562
88570
88588
88589
88592
88628
88684
88701
88716
88720
88749
88752
88771
88785
88793
88799
88849
88877
88890
88907
88914
88942
88947
89002
89009
89041
89083
89097
89121
89146
89160
89175
89180
89195
89212
89218
89285
89315
89317
89328
89353
89364
89452
89459
89485
89486
89584
89598
89603
89631
89652
89666
89706
89739
89829
89830
89843
89846
89861
89876
89879
89885
89933
89936
89941
89960
89987
90031
90059
90066
90067
90077
90080
90110
90114
90123
90138
90139
90144
90148
90166
90187
90215
90243
90247
90270
90271
90287
90313
90316
90317
90388
90419
90432
90449
90460
90473
90475
90478
90485
90500
90517
90537
90588
90620
90637
90665
90704
90708
90744
90798
90813
90886
90887
90907
90915
91009
91018
91040
91047
91048
91076
91089
91139
91166
91184
91188
91207
91208
91216
91252
91282
91305
91307
91313
91378
91388
91413
91437
91456
91491
91494
91587
91594
91642
91647
91659
91661
91677
91688
91704
91741
91781
91834
91877
91887
91916
91965
92019
92037
92039
92051
92062
92074
92084
92106
92129
92148
92153
92156
92178
92182
92192
92212
92226
92238
92252
92260
92271
92321
92328
92338
92354
92359
92360
92422
92462
92475
92489
92510
92511
92515
92563
92569
92571
92678
92693
92694
92715
92754
92761
92777
92785
92843
92875
92877
92879
92915
93010
93015
93016
93064
93090
93098
93133
93136
93142
93161
93197
93225
93234
93256
93274
93320
93331
93349
93460
93540
93544
93579
93611
93622
93682
93687
93689
93699
93724
93769
93798
93828
93838
93870
93892
93906
93912
93923
93954
93970
93978
94003
94005
94025
94027
94042
94053
94057
94089
94099
94105
94120
94122
94140
94174
94176
94178
94179
94238
94249
94255
94279
94304
94351
94375
94405
94422
94429
94430
94448
94453
94471
94484
94486
94528
94531
94556
94581
94590
94603
94607
94615
94625
94651
94660
94667
94677
94700
94764
94792
94801
94834
94839
94840
94852
94858
94871
94896
94907
94936
94946
94955
94967
95034
95046
95053
95076
95121
95144
95154
95158
95202
95236
95240
95246
95249
95273
95277
95345
95386
95394
95415
95418
95441
95472
95479
95493
95499
95550
95592
95639
95647
95654
95687
95704
95753
95761
95776
95791
95833
95838
95842
95852
95886
95887
95888
95891
95898
95908
95925
95929
96031
96038
96053
96059
96067
96100
96171
96194
96199
96229
96237
96295
96298
96323
96327
96350
96354
96355
96365
96388
96401
96402
96428
96449
96475
96508
96531
96541
96562
96563
96619
96621
96623
96663
96704
96708
96710
96737
96750
96788
96790
96837
96846
96870
96897
96899
96908
96933
96975
97008
97041
97050
97093
97104
97133
97135
97143
97179
97213
97230
97247
97259
97261
97276
97307
97312
97360
97380
97409
97435
97445
97477
97484
97492
97522
97581
97599
97634
97640
97647
97681
97688
97730
97731
97736
97741
97758
97784
97794
97807
97814
97832
97833
97859
97860
97890
97907
97927
97935
97944
97949
97995
98014
98019
98020
98032
98074
98099
98103
98121
98163
98227
98263
98282
98294
98312
98321
98350
98355
98368
98385
98396
98416
98425
98444
98474
98507
98556
98581
98601
98618
98639
98653
98655
98687
98691
98726
98740
98745
98755
98783
98826
98850
98873
98881
98884
98913
98959
99022
99030
99038
99146
99185
99192
99227
99231
99258
99269
99278
99330
99337
99346
99350
99364
99380
99386
99391
99422
99426
99465
99472
99514
99535
99550
99563
99573
99586
99596
99615
99618
99634
99648
99665
99670
99682
99713
99714
99715
99766
99774
99789
99799
99807
99843
99847
99852
99861
99884
99896
99918
99938
99939
99973
99975
99980
99986
99994
100021
100025
100029
100030
100040
100053
100079
100106
100141
100159
100194
100265
100267
100270
100282
100305
100316
100329
100331
100347
100349
100363
100390
100394
100396
100406
100411
100413
100420
100445
100485
100532
100546
100552
100555
100559
100567
100588
100616
100623
100649
100658
100672
100687
100703
100707
100749
100775
100790
100820
100838
100845
100846
100851
100865
100869
100873
100894
100977
100988
101013
101047
101114
101156
101158
101172
101209
101218
101232
101280
101325
101336
101357
101408
101419
101447
101478
101495
101537
101555
101557
101559
101571
101579
101588
101596
101604
101660
101721
101736
101737
101738
101784
101812
101822
101823
101834
101836
101844
101867
101869
101880
101881
101882
101914
101931
101937
101945
101996
102002
102007
102016
102100
102106
102123
102138
102164
102196
102224
102232
102233
102255
102264
102316
102347
102356
102363
102416
102428
102497
102534
102539
102585
102600
102656
102696
102739
102750
102781
102872
102892
102904
102927
102945
102983
102992
102996
102997
103006
103011
103017
103038
103041
103087
103128
103153
103211
103260
103291
103307
103325
103330
103356
103369
103370
103377
103396
103425
103436
103468
103482
103496
103498
103547
103577
103585
103616
103631
103667
103700
103704
103708
103713
103729
103748
103753
103755
103759
103796
103822
103874
103899
103906
103929
103975
103981
103994
104015
104044
104045
104057
104070
104075
104084
104090
104095
104112
104165
104180
104191
104194
104198
104217
104218
104259
104300
104302
104327
104343
104344
104368
104370
104376
104393
104397
104411
104439
104456
104472
104522
104525
104529
104559
104574
104578
104594
104646
104701
104710
104758
104767
104774
104805
104864
104920
104924
104976
104977
105005
105011
105013
105019
105022
105027
105032
105044
105062
105064
105069
105072
105077
105101
105129
105131
105163
105222
105266
105282
105285
105309
105385
105390
105452
105455
105461
105486
105487
105516
105545
105605
105638
105711
105717
105745
105747
105748
105754
105760
105848
105884
105895
105932
105953
105958
105982
105990
106009
106012
106018
106023
106024
106054
106064
106109
106134
106177
106181
106204
106242
106263
106278
106287
106288
106297
106302
106349
106377
106390
106396
106438
106440
106451
106455
106486
106507
106530
106540
106543
106565
106593
106669
106695
106709
106728
106738
106767
106845
106850
106859
106953
106967
106986
107023
107033
107047
107054
107058
107091
107093
107110
107125
107157
107177
107183
107253
107255
107268
107273
107291
107331
107338
107350
107416
107428
107474
107489
107519
107548
107562
107578
107681
107683
107688
107692
107699
107705
107713
107715
107768
107807
107808
107816
107830
107898
107911
107923
107924
107928
107929
107935
107941
107985
108002
108012
108017
108057
108081
108093
108094
108107
108115
108119
108160
108175
108181
108199
108241
108252
108256
108278
108281
108294
108326
108331
108345
108382
108413
108419
108465
108478
108479
108494
108510
108516
108525
108533
108539
108576
108579
108587
108610
108644
108651
108658
108663
108689
108694
108756
108760
108763
108775
108831
108839
108902
108904
108919
108922
108950
108953
108956
108993
109012
109015
109034
109040
109046
109050
109060
109098
109111
109120
109138
109162
109186
109189
109193
109194
109201
109206
109255
109256
109303
109356
109376
109402
109405
109440
109466
109496
109517
109547
109612
109635
109639
109656
109663
109725
109742
109750
109751
109781
109783
109793
109844
109856
109863
109872
109898
109900
109902
109936
109974
109975
109991
109995
110010
110047
110053
110055
110057
110116
110135
110139
110165
110196
110218
110225
110280
110327
110329
110353
110367
110390
110408
110500
110511
110557
110577
110594
110605
110630
110667
110688
110708
110721
110727
110746
110749
110766
110786
110853
110869
110871
110889
110898
110906
110921
110924
110934
110954
110964
110986
110994
111029
111035
111038
111039
111070
111092
111099
111106
111135
111153
111174
111182
111183
111204
111231
111281
111334
111352
111361
111448
111450
111452
111540
111544
111595
111596
111648
111673
111678
111693
111704
111729
111746
111771
111796
111848
111868
111874
111932
111950
111956
111964
111989
112021
112082
112095
112104
112116
112120
112146
112188
112227
112237
112242
112279
112297
112312
112331
112359
112416
112435
112449
112467
112490
112521
112523
112535
112545
112562
112568
112605
112629
112667
112693
112700
112739
112740
112741
112745
112775
112829
112837
112842
112873
112877
112882
112884
112894
112901
112902
112966
112979
112998
113023
113049
113051
113063
113065
113069
113115
113172
113191
113207
113214
113230
113254
113282
113304
113341
113409
113459
113469
113485
113490
113515
113550
113646
113683
113695
113699
113747
113764
113799
113813
113824
113836
113851
113898
113900
113919
113947
113948
113962
113963
113972
114018
114027
114029
114075
114083
114095
114126
114132
114135
114136
114161
114184
114210
114236
114252
114260
114265
114293
114310
114313
114328
114330
114353
114399
114408
114482
114488
114523
114545
114581
114585
114681
114685
114689
114734
114735
114745
114756
114815
114835
114846
114850
114862
114863
114865
114868
114877
114929
114939
114993
115008
115041
115072
115074
115100
115122
115156
115192
115206
115227
115240
115256
115275
115276
115282
115310
115317
115341
115370
115392
115402
115424
115465
115467
115495
115500
115524
115560
115577
115616
115636
115681
115702
115742
115758
115794
115797
115812
115825
115826
115832
115835
115852
115879
115880
115896
115910
115923
115928
115967
115969
115974
116000
116014
116018
116057
116070
116120
116131
116133
116147
116159
116160
116165
116172
116231
116236
116243
116278
116300
116308
116333
116354
116356
116368
116377
116381
116442
116445
116450
116475
116575
116585
116608
116614
116628
116672
116684
116711
116722
116748
116771
116775
116781
116801
116806
116816
116829
116858
116859
116874
116886
116894
116895
116902
116910
116920
116944
116975
116984
116988
117032
117060
117073
117082
117088
117110
117113
117161
117197
117213
117221
117310
117467
117487
117513
117553
117582
117599
117602
117655
117656
117662
117678
117684
117714
117721
117748
117756
117758
117784
117787
117804
117808
117852
117854
117859
117895
117909
117927
117945
117959
117977
117981
117984
117996
118041
118058
118075
118097
118098
118100
118102
118110
118135
118156
118176
118198
118221
118228
118260
118261
118303
118355
118356
118373
118387
118410
118465
118467
118468
118484
118487
118491
118501
118504
118542
118595
118597
118605
118607
118629
118645
118688
118691
118711
118745
118778
118790
118812
118820
118826
118849
118859
118865
118868
118875
118883
118894
118920
118921
118930
118937
118939
118941
118945
118947
119022
119023
119028
119035
119105
119117
119134
119180
119183
119193
119196
119197
119202
119213
119220
119230
119234
119270
119274
119278
119328
119363
119365
119366
119385
119429
119519
119541
119546
119587
119593
119656
119659
119674
119679
119681
119734
119735
119744
119747
119757
119774
119781
119786
119797
119812
119830
119852
119859
119861
119885
119902
119943
119945
119950
119978
119994
119999
120026
120029
120059
120064
120073
120074
120104
120105
120137
120160
120180
120183
120214
120231
120251
120285
120286
120302
120324
120349
120384
120399
120421
120436
120474
120477
120492
120497
120499
120518
120522
120605
120612
120648
120666
120684
120716
120749
120751
120776
120804
120806
120825
120842
120848
120860
120877
120888
120912
120918
120940
120966
121012
121027
121032
121044
121105
121122
121125
121142
121179
121210
121222
121234
121239
121276
121298
121311
121333
121349
121374
121380
121390
121464
121492
121525
121553
121570
121573
121616
121623
121639
121677
121692
121693
121705
121708
121713
121751
121779
121799
121804
121819
121821
121864
121867
121881
121887
121894
121906
121913
121922
121964
121990
122001
122038
122080
122116
122134
122140
122161
122165
122174
122225
122246
122283
122343
122373
122389
122410
122428
122457
122472
122499
122524
122528
122689
122697
122699
122706
122756
122771
122787
122867
122884
122912
122915
122925
122950
122968
122975
122998
123007
123022
123050
123075
123123
123130
123161
123185
123211
123244
123247
123251
123273
123289
123339
123349
123351
123362
123379
123389
123401
123413
123422
123425
123453
123456
123468
123474
123494
123520
123528
123561
123579
123595
123629
123646
123650
123671
123751
123760
123790
123838
123851
123852
123874
123908
123949
123988
123991
124007
124030
124037
124043
124063
124099
124123
124131
124142
124144
124190
124217
124232
124233
124254
124282
124327
124361
124365
124388
124409
124411
124417
124434
124444
124473
124481
124485
124491
124555
124576
124577
124589
124590
124593
124607
124650
124684
124696
124702
124706
124712
124736
124743
124747
124758
124782
124784
124792
124805
124822
124824
124842
124846
124850
124851
124896
124922
124927
124939
124988
124993
125038
125061
125080
125148
125161
125162
125227
125234
125302
125342
125353
125370
125389
125401
125403
125435
125445
125476
125480
125493
125519
125547
125563
125570
125573
125576
125588
125596
125629
125638
125671
125696
125703
125747
125773
125778
125792
125818
125916
125927
125947
125957
125984
126004
126071
126152
126186
126222
126227
126231
126263
126267
126285
126314
126335
126346
126371
126383
126386
126404
126417
126430
126452
126477
126485
126494
126528
126531
126547
126556
126597
126598
126602
126623
126637
126670
126671
126686
126740
126746
126748
126781
126790
126815
126925
126930
126939
126942
126944
126945
126968
126985
126999
127018
127035
127038
127052
127056
127065
127077
127114
127119
127156
127193
127220
127229
127237
127241
127249
127294
127308
127309
127314
127361
127366
127400
127441
127462
127474
127534
127565
127568
127578
127586
127613
127628
127656
127657
127715
127717
127784
127794
127797
127809
127817
127833
127886
127889
127890
127913
127938
127959
127987
127999
128010
128021
128066
128078
128086
128090
128110
128133
128144
128161
128190
128214
128245
128250
128278
128280
128309
128316
128340
128352
128357
128411
128427
128433
128436
128475
128498
128504
128517
128522
128545
128565
128573
128595
128596
128605
128607
128609
128629
128662
128666
128673
128681
128700
128715
128766
128785
128820
128830
128839
128876
128883
128895
128902
128903
128909
128946
128957
128974
128983
128990
129025
129035
129065
129086
129108
129139
129150
129196
129234
129251
129259
129270
129332
129360
129373
129389
129424
129446
129477
129505
129526
129527
129530
129539
129544
129577
129580
129596
129599
129681
129687
129732
129734
129738
129754
129837
129844
129848
129862
129885
129925
129972
129976
129981
130010
130057
130063
130072
130077
130110
130117
130128
130132
130142
130215
130216
130273
130300
130324
130358
130359
130383
130384
130387
130421
130423
130430
130451
130461
130470
130480
130522
130558
130577
130584
130589
130618
130647
130652
130668
130677
130717
130747
130750
130765
130782
130810
130822
130839
130864
130866
130871
130889
130890
130920
130963
130967
130970
130990
131028
131035
131043
131051
131087
131093
131138
131141
131195
131196
131198
131226
131239
131243
131245
131280
131347
131367
131401
131431
131453
131526
131543
131549
131550
131554
131599
131608
131623
131641
131653
131673
131682
131700
131702
131721
131733
131747
131798
131816
131820
131823
131834
131903
131945
131947
131959
132007
132055
132079
132093
132094
132150
132172
132173
132177
132178
132188
132215
132263
132265
132287
132289
132303
132312
132325
132329
132359
132416
132420
132476
132490
132495
132498
132500
132511
132528
132532
132539
132575
132615
132634
132635
132644
132708
132733
132805
132806
132825
132826
132854
132889
132925
132940
132954
132990
132993
132996
133015
133016
133049
133071
133081
133086
133088
133101
133125
133156
133233
133257
133258
133260
133298
133311
133362
133363
133368
133386
133398
133464
133538
133541
133569
133570
133619
133681
133792
133802
133805
133810
133821
133838
133871
133899
133905
133910
133936
133991
134002
134027
134036
134065
134067
134091
134102
134109
134131
134141
134163
134295
134309
134334
134356
134363
134387
134389
134392
134432
134503
134543
134545
134554
134556
134570
134573
134601
134606
134702
134708
134715
134758
134778
134783
134808
134824
134851
134884
134899
134933
134936
134942
134979
134999
135075
135078
135101
135103
135105
135123
135137
135165
135208
135218
135243
135265
135300
135305
135326
135363
135364
135398
135399
135427
135431
135435
135441
135481
135494
135516
135521
135522
135531
135587
135606
135623
135680
135689
135724
135725
135761
135780
135818
135831
135836
135845
135906
135970
135975
136000
136026
136044
136079
136126
136140
136170
136180
136216
136234
136238
136244
136252
136253
136294
136302
136303
136391
136396
136405
136467
136474
136483
136486
136496
136504
136558
136561
136579
136597
136605
136608
136614
136643
136656
136675
136696
136773
136779
136829
136836
136851
136910
136930
136981
136987
136990
136992
137013
137026
137031
137036
137045
137103
137125
137129
137133
137134
137140
137154
137172
137185
137195
137222
137229
137266
137313
137316
137326
137349
137354
137359
137382
137395
137425
137429
137439
137447
137464
137465
137485
137531
137533
137578
137652
137687
137694
137695
137705
137729
137730
137751
137759
137797
137808
137819
137840
137841
137846
137875
137892
137904
137911
137939
137966
137991
137995
138002
138006
138008
138028
138067
138083
138098
138133
138164
138252
138271
138327
138338
138353
138454
138458
138488
138632
138633
138659
138661
138680
138705
138784
138788
138795
138835
138888
138889
138894
138935
138980
138989
139003
139030
139032
139048
139053
139063
139068
139070
139083
139095
139160
139178
139208
139210
139216
139231
139232
139234
139235
139243
139266
139276
139312
139346
139372
139436
139444
139446
139486
139517
139533
139535
139550
139598
139614
139646
139650
139656
139657
139685
139713
139757
139777
139846
139849
139850
139886
139892
139894
139904
139928
139929
139959
139960
139970
139981
139988
140018
140021
140022
140057
140082
140096
140097
140150
140152
140178
140204
140224
140240
140256
140273
140287
140327
140331
140382
140414
140418
140441
140466
140474
140480
140490
140524
140537
140551
140566
140569
140585
140602
140612
140657
140658
140660
140683
140691
140743
140747
140763
140764
140781
140805
140812
140840
140866
140871
140908
140915
140931
140938
140944
140970
141000
141009
141015
141027
141035
141079
141092
141142
141143
141149
141152
141185
141186
141196
141235
141285
141290
141348
141357
141371
141372
141374
141375
141395
141399
141403
141406
141462
141471
141474
141486
141495
141498
141523
141540
141545
141553
141591
141592
141598
141609
141615
141620
141697
141703
141706
141710
141711
141712
141724
141760
141825
141863
141866
141913
141934
141938
141945
141963
141979
142094
142115
142118
142127
142134
142144
142197
142211
142221
142238
142243
142275
142353
142366
142373
142395
142402
142423
142457
142468
142476
142507
142514
142517
142531
142536
142628
142640
142699
142724
142729
142743
142745
142754
142854
142900
142965
142993
143020
143024
143033
143034
143059
143064
143101
143135
143137
143166
143169
143175
143203
143224
143225
143238
143242
143274
143278
143288
143292
143294
143405
143434
143467
143475
143483
143531
143541
143554
143563
143574
143584
143605
143622
143639
143642
143692
143695
143711
143749
143769
143778
143798
143803
143865
143866
143879
143887
143943
143975
143979
144013
144070
144073
144091
144092
144108
144128
144142
144171
144178
144179
144201
144205
144206
144211
144222
144242
144265
144270
144272
144282
144303
144310
144331
144348
144360
144365
144400
144431
144471
144511
144521
144529
144530
144564
144598
144611
144618
144620
144680
144682
144702
144715
144717
144718
144725
144731
144737
144770
144842
144888
144895
144902
144931
144976
144990
145025
145048
145060
145070
145073
145090
145104
145119
145124
145140
145172
145193
145206
145208
145234
145258
145268
145283
145286
145311
145336
145353
145365
145370
145373
145386
145422
145467
145468
145475
145509
145513
145537
145580
145601
145667
145692
145698
145704
145713
145740
145792
145822
145837
145848
145850
145909
145927
145941
145946
146002
146011
146015
146049
146090
146097
146104
146121
146144
146159
146162
146198
146201
146233
146267
146275
146282
146296
146299
146300
146314
146342
146367
146369
146388
146405
146416
146442
146449
146467
146484
146486
146500
146519
146545
146547
146564
146569
146613
146617
146680
146686
146703
146755
146762
146771
146809
146841
146893
146910
146929
146946
146981
147000
147025
147034
147039
147054
147072
147107
147128
147134
147151
147160
147170
147183
147216
147217
147234
147240
147242
147277
147295
147319
147330
147362
147372
147392
147399
147413
147427
147453
147463
147492
147505
147546
147568
147586
147603
147616
147626
147632
147645
147652
147664
147721
147746
147747
147750
147773
147780
147799
147811
147826
147839
147842
147846
147894
147914
147952
147979
148001
148025
148071
148089
148097
148112
148115
148171
148173
148216
148241
148256
148257
148262
148282
148283
148325
148336
148355
148356
148392
148405
148411
148458
148468
148486
148530
148556
148558
148580
148600
148606
148647
148683
148692
148700
148702
148713
148730
148763
148792
148807
148841
148843
148851
148855
148876
148888
148911
148938
148998
149063
149073
149075
149122
149140
149146
149177
149188
149202
149215
149266
149337
149367
149383
149430
149442
149465
149484
149495
149496
149515
149522
149525
149533
149550
149590
149597
149598
149629
149678
149680
149688
149696
149742
149771
149775
149781
149792
149800
149812
149825
149845
149852
149857
149887
149894
149927
149930
149936
149953
149958
149983
150002
150015
150017
150020
150021
150088
150096
150124
150131
150134
150135
150140
150166
150172
150177
150182
150218
150314
150334
150337
150346
150393
150396
150400
150441
150448
150451
150462
150488
150493
150497
150506
150511
150521
150607
150609
150639
150649
150682
150684
150705
150707
150709
150723
150746
150771
150785
150793
150795
150800
150802
150909
150914
150915
150932
150942
150945
150964
150967
150968
150987
151000
151024
151027
151051
151056
151060
151069
151070
151088
151143
151150
151166
151170
151198
151217
151219
151263
151349
151350
151362
151369
151382
151404
151424
151428
151438
151456
151498
151502
151504
151516
151534
151544
151552
151555
151557
151570
151601
151644
151665
151685
151699
151704
151756
151761
151773
151819
151829
151873
151904
151905
151932
151947
151979
151982
152024
152040
152056
152075
152114
152126
152130
152154
152172
152180
152199
152200
152213
152245
152246
152308
152314
152323
152326
152452
152478
152540
152543
152547
152557
152565
152609
152632
152653
152689
152702
152738
152746
152759
152762
152780
152805
152813
152832
152837
152869
152872
152921
152944
152968
152970
152974
152981
153003
153007
153015
153084
153089
153090
153101
153113
153137
153139
153178
153220
153239
153246
153275
153278
153379
153386
153409
153441
153450
153452
153472
153504
153514
153532
153584
153621
153638
153648
153717
153731
153739
153777
153834
153835
153848
153858
153863
153880
153888
153911
153926
153968
153974
154029
154030
154032
154037
154057
154085
154121
154124
154138
154222
154242
154257
154279
154296
154317
154331
154354
154365
154367
154370
154390
154416
154473
154486
154503
154529
154554
154557
154561
154585
154594
154610
154675
154708
154710
154713
154744
154748
154754
154787
154795
154806
154812
154822
154843
154862
154873
154883
154920
154939
155038
155075
155080
155102
155109
155129
155130
155140
155154
155162
155215
155233
155243
155249
155281
155314
155326
155329
155375
155388
155438
155457
155474
155487
155498
155546
155622
155626
155630
155642
155643
155654
155663
155665
155667
155682
155694
155696
155699
155718
155722
155725
155735
155750
155768
155789
155817
155850
155966
155968
155970
155985
155987
155988
155989
156011
156026
156037
156095
156119
156136
156176
156190
156209
156234
156258
156270
156272
156279
156294
156297
156310
156333
156335
156345
156346
156350
156378
156388
156410
156432
156446
156463
156469
156477
156481
156493
156501
156528
156531
156539
156552
156565
156603
156624
156636
156654
156667
156671
156706
156733
156741
156745
156746
156772
156774
156823
156831
156839
156941
156962
156996
157010
157110
157118
157124
157126
157160
157238
157240
157265
157274
157289
157296
157309
157314
157343
157351
157376
157389
157390
157394
157395
157430
157507
157549
157586
157606
157610
157706
157723
157757
157816
157817
157842
157888
157890
157913
157916
157930
157933
157949
157974
157995
158016
158053
158117
158118
158129
158140
158148
158153
158175
158198
158208
158240
158260
158264
158289
158389
158391
158441
158448
158451
158486
158489
158509
158515
158522
158539
158553
158590
158592
158599
158618
158622
158634
158642
158694
158699
158710
158732
158749
158756
158764
158778
158791
158811
158832
158848
158902
158915
158928
158943
158955
158958
158966
158998
159008
159015
159024
159033
159103
159139
159142
159187
159205
159272
159277
159366
159380
159424
159462
159474
159492
159556
159602
159605
159613
159615
159636
159638
159645
159647
159654
159659
159681
159753
159760
159775
159812
159857
159927
159928
159930
159977
159987
159992
159995
160036
160049
160064
160132
160159
160182
160194
160230
160242
160251
160255
160264
160270
160296
160299
160303
160309
160348
160400
160401
160419
160428
160433
160446
160447
160452
160510
160514
160528
160548
160550
160564
160604
160610
160637
160672
160677
160683
160705
160713
160717
160730
160751
160764
160807
160845
160864
160869
160879
160881
160912
160922
160948
160964
160966
160985
160992
161033
161068
161069
161083
161084
161121
161153
161169
161174
161180
161199
161221
161247
161269
161300
161310
161318
161354
161369
161379
161384
161390
161397
161428
161458
161479
161480
161494
161501
161510
161521
161539
161564
161571
161612
161617
161657
161696
161713
161726
161728
161729
161737
161759
161838
161864
161880
161922
161926
161935
161962
161963
161996
162007
162014
162032
162034
162038
162068
162070
162079
162097
162103
162115
162142
162162
162167
162171
162175
162247
162285
162303
162314
162336
162368
162372
162375
162403
162411
162440
162454
162460
162461
162466
162468
162472
162580
162582
162601
162649
162677
162701
162703
162705
162759
162763
162779
162793
162799
162826
162834
162880
162982
163003
163045
163121
163150
163201
163220
163242
163252
163263
163267
163302
163327
163331
163352
163357
163364
163372
163377
163380
163381
163384
163475
163571
163622
163661
163662
163704
163715
163728
163772
163831
163846
163849
163856
163864
163875
163881
163897
163901
163919
163925
163926
163937
163948
163961
163976
163978
163999
164048
164101
164150
164221
164224
164229
164237
164265
164267
164283
164299
164301
164312
164315
164347
164408
164415
164417
164422
164424
164428
164437
164445
164482
164485
164504
164578
164586
164614
164626
164635
164648
164692
164694
164705
164720
164724
164777
164794
164795
164883
164896
164932
164957
164968
165006
165012
165024
165031
165088
165090
165115
165157
165192
165208
165229
165233
165313
165321
165322
165325
165331
165335
165349
165384
165422
165426
165440
165456
165485
165506
165514
165578
165600
165606
165638
165664
165681
165726
165727
165747
165781
165828
165849
165878
165883
165912
165914
165922
165958
165983
165997
166001
166026
166043
166065
166086
166102
166111
166118
166134
166144
166170
166174
166181
166212
166219
166232
166262
166274
166277
166304
166331
166406
166420
166456
166477
166540
166568
166569
166578
166593
166615
166638
166641
166685
166692
166709
166759
166773
166789
166871
166886
166895
166920
166946
166954
166958
167016
167043
167097
167118
167121
167127
167137
167149
167160
167170
167177
167214
167223
167229
167234
167248
167255
167270
167296
167298
167331
167385
167392
167412
167435
167439
167453
167460
167471
167489
167494
167496
167497
167498
167508
167537
167539
167580
167622
167634
167640
167649
167680
167717
167719
167727
167773
167810
167849
167857
167861
167898
167914
167918
167925
167929
167935
167992
168010
168025
168032
168061
168082
168117
168133
168138
168141
168146
168154
168161
168172
168186
168190
168217
168219
168232
168247
168262
168273
168361
168364
168365
168366
168386
168468
168480
168491
168493
168506
168520
168557
168600
168640
168642
168648
168664
168666
168684
168688
168728
168777
168898
168910
168931
168934
168972
168984
168990
168991
168996
168997
168998
169001
169027
169038
169047
169059
169081
169092
169126
169152
169188
169200
169210
169215
169228
169229
169254
169314
169319
169320
169328
169342
169343
169352
169357
169359
169372
169379
169390
169393
169435
169493
169531
169540
169582
169587
169608
169627
169636
169639
169652
169660
169669
169672
169676
169681
169688
169697
169705
169707
169750
169773
169774
169775
169779
169794
169815
169845
169854
169862
169879
169892
169915
169945
169972
169990
170007
170021
170059
170076
170092
170109
170142
170166
170179
170193
170195
170211
170240
170250
170279
170281
170351
170352
170359
170362
170364
170366
170384
170393
170399
170417
170432
170514
170535
170536
170634
170648
170666
170690
170779
170790
170795
170797
170807
170810
170854
170876
170923
170936
170956
170984
170997
171042
171123
171145
171152
171184
171199
171253
171269
171278
171300
171321
171329
171347
171357
171358
171360
171373
171394
171399
171403
171419
171436
171460
171511
171533
171557
171586
171597
171599
171602
171628
171630
171641
171647
171649
171661
171684
171698
171710
171810
171812
171820
171829
171832
171838
171860
171889
171897
171901
171904
171940
171960
171981
171982
171998
172012
172013
172028
172051
172070
172115
172126
172160
172194
172197
172199
172211
172256
172273
172309
172310
172319
172327
172339
172342
172366
172369
172387
172390
172402
172430
172447
172471
172472
172493
172505
172520
172551
172567
172598
172611
172635
172665
172667
172683
172714
172725
172728
172730
172749
172794
172801
172828
172839
172856
172861
172862
172864
172877
172892
172895
172923
172950
172960
173000
173024
173036
173042
173059
173067
173071
173113
173128
173141
173155
173172
173190
173192
173205
173208
173227
173247
173257
173258
173288
173293
173299
173306
173326
173341
173347
173414
173452
173465
173473
173485
173506
173511
173521
173524
173532
173545
173546
173564
173575
173576
173598
173599
173633
173656
173666
173668
173693
173700
173718
173741
173797
173802
173838
173890
173895
173904
173913
173922
173940
173946
173962
173983
173988
173995
174026
174054
174089
174102
174121
174126
174161
174194
174197
174223
174246
174308
174355
174374
174390
174416
174463
174466
174471
174550
174566
174590
174609
174682
174766
174771
174786
174789
174809
174821
174822
174833
174850
174885
174892
174933
174952
174973
175002
175004
175057
175071
175077
175125
175150
175162
175169
175181
175266
175301
175342
175359
175369
175381
175384
175442
175495
175533
175548
175565
175593
175596
175613
175640
175643
175654
175667
175672
175674
175683
175704
175725
175757
175764
175794
175802
175821
175844
175865
175893
175932
175947
175968
175977
175988
175989
176017
176023
176045
176046
176056
176065
176075
176079
176080
176095
176127
176132
176167
176185
176186
176190
176198
176235
176251
176259
176285
176298
176301
176363
176370
176371
176378
176418
176474
176502
176504
176509
176519
176554
176561
176578
176583
176590
176600
176606
176635
176677
176692
176694
176713
176717
176727
176749
176764
176779
176791
176792
176815
176857
176905
176942
176954
176977
177003
177008
177024
177078
177086
177112
177161
177175
177271
177287
177295
177305
177338
177346
177373
177393
177398
177406
177411
177433
177448
177449
177481
177489
177508
177509
177520
177521
177523
177548
177555
177563
177596
177612
177632
177654
177660
177672
177715
177733
177736
177755
177757
177762
177786
177791
177815
177834
177837
177838
177862
177863
177881
177931
177969
178013
178031
178033
178050
178075
178104
178132
178142
178143
178148
178150
178178
178183
178254
178287
178318
178333
178336
178348
178363
178385
178417
178426
178441
178449
178454
178457
178472
178483
178535
178556
178566
178571
178602
178637
178656
178676
178707
178730
178740
178764
178800
178835
178888
178927
178955
178974
178976
179012
179030
179073
179078
179080
179101
179104
179147
179179
179188
179318
179320
179326
179330
179349
179375
179377
179389
179403
179412
179415
179419
179429
179432
179455
179468
179475
179481
179486
179490
179500
179529
179530
179559
179561
179567
179608
179633
179634
179650
179652
179663
179667
179675
179678
179685
179698
179700
179702
179724
179747
179763
179767
179779
179788
179799
179808
179817
179834
179843
179846
179851
179857
179906
179915
179920
179950
179968
179980
179992
180036
180047
180055
180056
180106
180107
180111
180135
180192
180194
180216
180224
180257
180268
180294
180295
180314
180320
180353
180367
180368
180393
180398
180409
180419
180446
180462
180486
180495
180511
180516
180527
180533
180576
180579
180653
180656
180673
180683
180686
180699
180715
180774
180778
180789
180806
180814
180818
180845
180854
180868
180884
180913
180923
180943
180953
180956
180962
180994
181005
181010
181011
181015
181022
181036
181040
181041
181059
181077
181094
181106
181147
181155
181277
181319
181328
181330
181348
181356
181422
181459
181462
181480
181498
181539
181589
181606
181623
181626
181629
181650
181672
181708
181712
181725
181740
181748
181780
181781
181786
181787
181790
181798
181804
181813
181840
181843
181875
181909
181915
181923
181929
181937
181944
181963
181979
181992
181993
182010
182091
182113
182180
182200
182204
182209
182241
182246
182267
182293
182328
182347
182355
182362
182408
182422
182430
182442
182472
182483
182486
182497
182498
182501
182530
182534
182546
182576
182580
182591
182608
182624
182638
182653
182679
182683
182698
182725
182730
182736
182765
182766
182770
182777
182791
182824
182846
182878
182879
182883
182916
182940
182943
182968
182991
183012
183014
183041
183043
183095
183103
183134
183154
183175
183312
183321
183335
183355
183361
183400
183401
183431
183461
183505
183516
183559
183602
183609
183625
183638
183648
183653
183663
183684
183688
183692
183704
183716
183723
183733
183784
183810
183812
183832
183836
183841
183846
183849
183875
183893
183894
183930
183968
183976
183978
183991
184010
184028
184051
184084
184095
184170
184209
184220
184243
184247
184248
184250
184284
184323
184363
184368
184375
184381
184402
184406
184429
184434
184451
184464
184471
184481
184487
184489
184521
184524
184560
184564
184579
184643
184682
184691
184699
184700
184715
184716
184728
184732
184735
184741
184743
184779
184781
184786
184809
184848
184872
184882
184920
184930
184942
184953
184971
184987
185015
185064
185071
185090
185134
185184
185238
185268
185281
185285
185325
185372
185381
185384
185409
185417
185488
185495
185499
185515
185522
185535
185557
185572
185603
185617
185618
185628
185695
185712
185717
185752
185792
185804
185817
185852
185868
185900
185948
185949
185957
185991
186002
186004
186008
186009
186010
186041
186066
186077
186081
186095
186155
186160
186179
186187
186190
186215
186227
186236
186320
186327
186409
186414
186426
186488
186490
186508
186544
186556
186562
186588
186597
186598
186606
186614
186623
186652
186659
186681
186687
186699
186732
186752
186770
186790
186812
186813
186834
186841
186883
186896
186938
186997
187006
187039
187052
187057
187064
187087
187177
187208
187243
187251
187254
187272
187350
187356
187417
187437
187485
187495
187538
187609
187623
187646
187673
187686
187701
187707
187746
187854
187868
187902
187920
187923
187936
187940
187941
188010
188037
188052
188059
188118
188132
188143
188165
188179
188197
188311
188314
188315
188318
188327
188363
188373
188377
188408
188421
188448
188477
188507
188554
188595
188598
188626
188636
188660
188676
188680
188682
188697
188747
188764
188797
188811
188819
188820
188826
188853
188891
188910
188933
188945
188958
188964
188980
188987
188988
189007
189009
189022
189040
189053
189054
189081
189095
189111
189112
189153
189163
189180
189267
189278
189293
189304
189319
189377
189382
189385
189393
189438
189473
189500
189561
189604
189623
189677
189678
189682
189683
189723
189733
189786
189812
189836
189840
189842
189850
189854
189873
189897
189906
189922
189942
189946
190014
190032
190046
190061
190100
190104
190107
190121
190140
190146
190209
190282
190301
190314
190317
190330
190353
190399
190425
190461
190474
190478
190488
190503
190531
190546
190572
190600
190601
190606
190607
190623
190635
190636
190641
190643
190652
190679
190685
190691
190712
190722
190780
190782
190797
190803
190804
190835
190842
190897
190903
190969
190984
190987
191000
191051
191059
191123
191137
191152
191164
191178
191179
191189
191264
191294
191295
191337
191346
191348
191355
191359
191368
191370
191405
191408
191414
191495
191498
191538
191566
191573
191605
191610
191635
191659
191705
191763
191771
191779
191796
191834
191866
191886
191891
191982
191984
191995
192006
192011
192043
192080
192092
192135
192137
192141
192145
192170
192202
192212
192221
192277
192295
192310
192324
192361
192366
192413
192434
192467
192484
192493
192496
192498
192509
192540
192554
192580
192643
192691
192697
192721
192725
192732
192761
192763
192769
192789
192797
192851
192853
192870
192876
192881
192896
192909
192917
192928
192936
192966
192984
192985
192995
193062
193076
193086
193100
193130
193153
193166
193181
193185
193211
193216
193230
193232
193263
193300
193302
193323
193356
193361
193363
193387
193397
193407
193410
193444
193484
193490
193552
193581
193593
193604
193605
193621
193632
193643
193666
193671
193704
193716
193809
193821
193843
193854
193876
193877
193881
193897
193920
193939
193949
193990
194010
194096
194115
194129
194160
194162
194192
194221
194228
194235
194241
194263
194310
194315
194348
194352
194362
194374
194388
194394
194429
194431
194437
194488
194498
194522
194526
194566
194582
194607
194620
194621
194634
194645
194647
194665
194742
194744
194754
194810
194854
194899
194937
194943
194945
194949
194963
194983
195003
195025
195091
195138
195156
195187
195190
195191
195211
195220
195226
195295
195302
195343
195360
195380
195388
195417
195443
195446
195458
195472
195494
195509
195543
195547
195588
195589
195599
195601
195612
195637
195674
195676
195707
195758
195761
195784
195790
195793
195826
195845
195897
195905
195911
195948
195957
196000
196015
196036
196038
196043
196050
196057
196058
196065
196078
196105
196119
196148
196155
196162
196182
196196
196225
196291
196323
196335
196336
196347
196349
196353
196370
196397
196434
196458
196472
196540
196550
196557
196582
196592
196633
196639
196653
196657
196683
196702
196733
196758
196761
196839
196861
196882
196907
196961
196983
197012
197030
197074
197097
197135
197168
197184
197194
197199
197205
197218
197233
197235
197245
197250
197279
197298
197305
197312
197332
197340
197353
197366
197416
197436
197440
197471
197519
197543
197551
197593
197662
197697
197699
197718
197744
197758
197766
197771
197774
197801
197851
197904
197910
197912
197916
197947
197980
197983
197985
197989
198043
198046
198071
198079
198114
198124
198158
198171
198211
198228
198252
198261
198262
198298
198301
198310
198356
198359
198364
198387
198404
198464
198483
198493
198498
198518
198531
198535
198568
198588
198636
198647
198749
198759
198769
198783
198805
198811
198813
198822
198835
198917
198926
198949
199008
199052
199073
199097
199115
199121
199198
199227
199231
199275
199284
199286
199319
199327
199349
199356
199361
199388
199404
199433
199462
199507
199526
199543
199552
199583
199599
199616
199633
199640
199657
199675
199717
199744
199748
199763
199804
199821
199826
199852
199862
199872
199888
199913
199945
199947
199983
199995