25
45
49
52
76
107
150
178
180
189
222
228
285
302
315
336
358
384
411
415
444
472
566
576
642
649
673
674
702
718
744
791
807
851
868
911
927
930
971
1001
1078
1082
1126
1135
1138
1167
1199
1220
1224
1236
1267
1319
1332
1359
1362
1377
1387
1406
1434
1454
1480
1508
1522
1546
1547
1601
1608
1665
1672
1674
1704
1722
1724
1730
1734
1736
1737
1775
1791
1865
1886
1893
1894
1922
1927
1948
2016
2027
2051
2063
2090
2114
2123
2129
2144
2151
2181
2185
2207
2219
2222
2308
2333
2341
2395
2397
2430
2435
2440
2442
2464
2478
2513
2516
2535
2536
2549
2554
2662
2693
2706
2766
2768
2773
2777
2808
2827
2923
2962
2976
2988
2998
3010
3042
3053
3099
3107
3110
3135
3136
3164
3196
3201
3216
3222
3236
3241
3242
3257
3308
3317
3321
3343
3348
3352
3382
3399
3431
3585
3601
3616
3649
3666
3691
3693
3701
3709
3724
3766
3803
3861
3869
3896
3936
3950
4000
4020
4024
4029
4098
4102
4105
4118
4124
4137
4176
4252
4258
4269
4274
4304
4309
4342
4362
4376
4385
4428
4494
4521
4556
4600
4633
4659
4697
4780
4817
4821
4877
4882
4884
4907
4908
4913
4920
4930
4965
4982
4998
5002
5014
5082
5085
5106
5120
5121
5168
5176
5200
5219
5225
5257
5264
5304
5331
5343
5349
5378
5436
5439
5468
5515
5525
5598
5599
5632
5634
5689
5707
5715
5745
5752
5777
5802
5830
5885
5894
5911
5921
5949
5960
5964
6022
6056
6076
6204
6213
6227
6268
6288
6346
6400
6403
6439
6477
6498
6501
6531
6534
6537
6557
6561
6625
6650
6673
6732
6747
6759
6781
6794
6806
6833
6838
6868
6883
6885
6891
6912
6957
6986
6992
7013
7032
7036
7052
7056
7070
7105
7157
7170
7196
7236
7263
7379
7390
7395
7438
7457
7490
7524
7540
7543
7555
7568
7570
7589
7590
7601
7609
7620
7633
7640
7653
7671
7682
7696
7725
7729
7767
7792
7812
7934
7940
8012
8037
8080
8090
8125
8135
8148
8164
8166
8172
8175
8178
8199
8235
8277
8284
8292
8306
8320
8332
8341
8414
8415
8446
8449
8450
8469
8489
8490
8502
8537
8557
8571
8576
8577
8597
8614
8626
8670
8675
8747
8759
8772
8785
8802
8811
8814
8867
8882
8924
9084
9087
9094
9104
9123
9126
9139
9216
9259
9261
9271
9322
9359
9394
9396
9402
9411
9433
9445
9454
9527
9583
9600
9610
9620
9627
9638
9668
9696
9701
9705
9711
9755
9778
9795
9797
9799
9803
9822
9859
9863
9890
9893
9896
9898
9919
9927
9932
9952
10029
10041
10096
10152
10167
10202
10234
10261
10274
10290
10311
10330
10335
10341
10352
10368
10419
10421
10441
10450
10454
10459
10461
10471
10502
10507
10547
10553
10554
10573
10596
10601
10646
10653
10657
10669
10694
10715
10753
10754
10767
10781
10788
10796
10799
10908
10951
10965
10966
10986
11009
11028
11059
11071
11072
11080
11090
11104
11120
11146
11155
11188
11193
11222
11224
11303
11311
11346
11356
11368
11388
11391
11399
11413
11442
11454
11476
11484
11495
11496
11509
11510
11543
11545
11558
11577
11594
11597
11613
11623
11636
11697
11714
11765
11828
11861
11873
11877
11888
11906
11918
11926
11931
11932
11951
11985
12001
12007
12013
12030
12040
12044
12052
12054
12057
12096
12115
12174
12190
12206
12291
12316
12352
12405
12461
12507
12518
12532
12573
12622
12645
12691
12718
12733
12737
12756
12761
12762
12771
12824
12833
12854
12857
12868
12922
12923
12927
13011
13012
13016
13045
13051
13097
13129
13145
13165
13182
13200
13227
13244
13249
13254
13259
13262
13266
13275
13298
13308
13317
13332
13411
13451
13463
13469
13487
13511
13517
13530
13532
13576
13646
13654
13655
13658
13662
13679
13728
13737
13752
13761
13769
13792
13808
13835
13855
13865
13911
13912
13916
13928
13952
13961
14040
14054
14072
14077
14104
14111
14164
14173
14190
14195
14201
14210
14227
14228
14242
14245
14258
14277
14289
14294
14297
14300
14305
14333
14361
14369
14426
14427
14435
14469
14504
14527
14534
14559
14585
14612
14657
14660
14661
14664
14686
14691
14693
14695
14711
14712
14725
14726
14735
14797
14798
14839
14884
14911
14912
14914
14986
15037
15064
15106
15107
15136
15180
15185
15208
15253
15284
15332
15339
15360
15371
15374
15397
15402
15434
15510
15537
15542
15561
15613
15634
15638
15670
15698
15702
15706
15724
15739
15743
15745
15758
15790
15796
15847
15852
15873
15890
15913
15946
15980
15986
15987
16101
16102
16118
16159
16167
16190
16220
16256
16262
16286
16323
16327
16328
16355
16361
16401
16465
16479
16502
16514
16542
16544
16572
16574
16578
16586
16602
16604
16605
16612
16654
16662
16668
16715
16723
16735
16744
16767
16785
16799
16838
16890
16901
16964
17020
17024
17115
17130
17136
17164
17171
17202
17204
17219
17236
17279
17318
17332
17338
17351
17358
17367
17398
17459
17480
17492
17566
17567
17599
17610
17625
17635
17640
17659
17669
17704
17709
17711
17739
17742
17772
17778
17783
17814
17816
17818
17873
17886
17901
17915
17934
17937
17948
17963
17986
17988
18034
18047
18056
18069
18077
18093
18130
18144
18193
18199
18234
18242
18248
18300
18301
18344
18377
18452
18459
18466
18534
18540
18568
18575
18576
18580
18593
18611
18616
18660
18669
18676
18703
18714
18718
18720
18782
18808
18884
18895
18906
18976
19014
19017
19029
19080
19092
19106
19116
19130
19135
19145
19152
19175
19202
19205
19266
19270
19276
19323
19334
19363
19390
19398
19413
19421
19442
19449
19452
19486
19490
19522
19579
19616
19617
19626
19658
19662
19672
19674
19678
19725
19740
19745
19754
19762
19766
19797
19849
19923
19928
19931
20023
20028
20045
20059
20097
20115
20140
20142
20149
20156
20165
20169
20172
20204
20209
20229
20238
20312
20378
20397
20405
20412
20418
20420
20431
20432
20469
20475
20509
20544
20555
20560
20573
20576
20591
20606
20617
20646
20657
20665
20673
20691
20698
20702
20715
20716
20718
20728
20739
20765
20769
20816
20835
20917
20961
20982
20989
20990
20997
21001
21017
21031
21038
21055
21088
21092
21123